
 **LBP_GLCM**
[[36  0  0]
 [ 0 29 16]
 [ 0  2 11]]

 **LBP_HOG_3cells**
[[36  0  0]
 [ 1 43  1]
 [ 0  0 13]]

 **HOG_3cells**
[[36  0  0]
 [ 0 44  1]
 [ 0  0 13]]

 **LBP_GLCM_HOG_3cells**
[[36  0  0]
 [ 0 44  1]
 [ 0  0 13]]

 **GLCM_HOG_2cells**
[[36  0  0]
 [ 2 42  1]
 [ 0  0 13]]

 **LBP**
[[18  0 18]
 [ 0 39  6]
 [ 0 13  0]]

 **GLCM**
[[36  0  0]
 [ 0 45  0]
 [ 0  9  4]]

 **LBP_HOG_2cells**
[[36  0  0]
 [ 0 44  1]
 [ 0  0 13]]

 **LBP_GLCM_HOG_2cells**
[[36  0  0]
 [ 0 42  3]
 [ 0  0 13]]

 **HOG_2cells**
[[36  0  0]
 [ 0 44  1]
 [ 0  0 13]]

 **GLCM_HOG_3cells**
[[36  0  0]
 [ 0 44  1]
 [ 0  0 13]]
