
 **LBP_GLCM**
[[252   0   0]
 [  1 300   9]
 [  0  18  75]]

 **LBP_HOG_3cells**
[[251   1   0]
 [  2 231  77]
 [  0   0  93]]

 **HOG_3cells**
[[252   0   0]
 [  3 306   1]
 [  0  38  55]]

 **LBP_GLCM_HOG_3cells**
[[252   0   0]
 [  0 295  15]
 [  0   2  91]]

 **GLCM_HOG_2cells**
[[251   1   0]
 [  0 298  12]
 [  0   3  90]]

 **LBP**
[[246   6   0]
 [  0 310   0]
 [  0  93   0]]

 **GLCM**
[[252   0   0]
 [  1 279  30]
 [  0   2  91]]

 **LBP_HOG_2cells**
[[248   4   0]
 [  0 261  49]
 [  0   0  93]]

 **LBP_GLCM_HOG_2cells**
[[249   3   0]
 [  0 289  21]
 [  0   0  93]]

 **HOG_2cells**
[[251   1   0]
 [  4 291  15]
 [  0   0  93]]

 **GLCM_HOG_3cells**
[[250   2   0]
 [  0 286  24]
 [  0   2  91]]
