
 **LBP_GLCM**
[[30  6  0]
 [ 0 45  0]
 [ 0 10  3]]

 **LBP_HOG_3cells**
[[36  0  0]
 [ 0 45  0]
 [ 0  0 13]]

 **HOG_3cells**
[[36  0  0]
 [ 0 45  0]
 [ 0  0 13]]

 **LBP_GLCM_HOG_3cells**
[[35  1  0]
 [ 0 44  1]
 [ 0  1 12]]

 **GLCM_HOG_2cells**
[[35  1  0]
 [ 0 44  1]
 [ 0  1 12]]

 **LBP**
[[36  0  0]
 [ 0 45  0]
 [ 0  0 13]]

 **GLCM**
[[24 12  0]
 [ 0 45  0]
 [ 0 10  3]]

 **LBP_HOG_2cells**
[[36  0  0]
 [ 0 45  0]
 [ 0  0 13]]

 **LBP_GLCM_HOG_2cells**
[[35  1  0]
 [ 0 44  1]
 [ 0  1 12]]

 **HOG_2cells**
[[36  0  0]
 [ 0 45  0]
 [ 0  0 13]]

 **GLCM_HOG_3cells**
[[35  1  0]
 [ 0 44  1]
 [ 0  1 12]]
