
 **LBP_GLCM**
[[249   3   0]
 [  0 309   1]
 [  0  72  21]]

 **LBP_HOG_3cells**
[[252   0   0]
 [  3 292  15]
 [  0   5  88]]

 **HOG_3cells**
[[251   1   0]
 [  2 308   0]
 [  0  55  38]]

 **LBP_GLCM_HOG_3cells**
[[250   2   0]
 [  0 282  28]
 [  0   1  92]]

 **GLCM_HOG_2cells**
[[252   0   0]
 [  0 309   1]
 [  0  27  66]]

 **LBP**
[[252   0   0]
 [ 15 295   0]
 [  0  92   1]]

 **GLCM**
[[251   1   0]
 [  1 309   0]
 [  0  61  32]]

 **LBP_HOG_2cells**
[[249   3   0]
 [  1 252  57]
 [  0   0  93]]

 **LBP_GLCM_HOG_2cells**
[[252   0   0]
 [  0 279  31]
 [  0   0  93]]

 **HOG_2cells**
[[251   1   0]
 [  2 282  26]
 [  0   0  93]]

 **GLCM_HOG_3cells**
[[251   1   0]
 [  0 310   0]
 [  0  29  64]]
