
 **LBP_GLCM**
[[36  0  0]
 [ 2 43  0]
 [ 0  2 11]]

 **LBP_HOG_3cells**
[[36  0  0]
 [ 1 44  0]
 [ 0  0 13]]

 **HOG_3cells**
[[36  0  0]
 [ 1 44  0]
 [ 0  0 13]]

 **LBP_GLCM_HOG_3cells**
[[36  0  0]
 [ 2 43  0]
 [ 0  3 10]]

 **GLCM_HOG_2cells**
[[36  0  0]
 [ 2 43  0]
 [ 0  3 10]]

 **LBP**
[[36  0  0]
 [ 1 44  0]
 [ 0  0 13]]

 **GLCM**
[[36  0  0]
 [ 2 43  0]
 [ 0  1 12]]

 **LBP_HOG_2cells**
[[36  0  0]
 [ 1 44  0]
 [ 0  0 13]]

 **LBP_GLCM_HOG_2cells**
[[36  0  0]
 [ 2 43  0]
 [ 0  3 10]]

 **HOG_2cells**
[[36  0  0]
 [ 1 44  0]
 [ 0  0 13]]

 **GLCM_HOG_3cells**
[[36  0  0]
 [ 2 43  0]
 [ 0  3 10]]
