
 **GLCM**
[[252   0   0]
 [  2 308   0]
 [  0  72  21]]

 **GLCM_HOG_2cells**
[[252   0   0]
 [  0 301   9]
 [  0   5  88]]

 **GLCM_HOG_3cells**
[[251   1   0]
 [  0 300  10]
 [  0  18  75]]

 **HOG_2cells**
[[244   8   0]
 [  0 275  35]
 [  0   0  93]]

 **HOG_3cells**
[[251   1   0]
 [  0 302   8]
 [  0  14  79]]

 **LBP**
[[245   7   0]
 [  0 221  89]
 [  0   0  93]]

 **LBP_GLCM**
[[251   1   0]
 [  0 310   0]
 [  0  77  16]]

 **LBP_GLCM_HOG_2cells**
[[252   0   0]
 [  0 307   3]
 [  0  20  73]]

 **LBP_GLCM_HOG_3cells**
[[251   1   0]
 [  0 279  31]
 [  0   0  93]]

 **LBP_HOG_2cells**
[[251   1   0]
 [  3 272  35]
 [  0   0  93]]

 **LBP_HOG_3cells**
[[248   4   0]
 [  0 304   6]
 [  0  19  74]]
