
 **GLCM**
[[266   0   0]
 [  1 291  13]
 [  0  53  31]]

 **GLCM_HOG_2cells**
[[262   4   0]
 [  0 263  42]
 [  0   0  84]]

 **GLCM_HOG_3cells**
[[266   0   0]
 [  0 305   0]
 [  0  63  21]]

 **HOG_2cells**
[[264   2   0]
 [  0 303   2]
 [  0  27  57]]

 **HOG_3cells**
[[265   1   0]
 [  5 300   0]
 [  0  75   9]]

 **LBP**
[[144 122   0]
 [  0 305   0]
 [  0  84   0]]

 **LBP_GLCM**
[[266   0   0]
 [ 13 292   0]
 [  0  77   7]]

 **LBP_GLCM_HOG_2cells**
[[266   0   0]
 [  0 295  10]
 [  0   1  83]]

 **LBP_GLCM_HOG_3cells**
[[266   0   0]
 [  0 277  28]
 [  0   0  84]]

 **LBP_HOG_2cells**
[[248  18   0]
 [  0 305   0]
 [  0  80   4]]

 **LBP_HOG_3cells**
[[263   3   0]
 [  1 301   3]
 [  0  43  41]]
