
 **GLCM**
[[265   1   0]
 [  0 212  93]
 [  0  24  60]]

 **GLCM_HOG_2cells**
[[266   0   0]
 [  1 300   4]
 [  0  18  66]]

 **GLCM_HOG_3cells**
[[263   3   0]
 [  0 305   0]
 [  0  74  10]]

 **HOG_2cells**
[[262   4   0]
 [  1 283  21]
 [  0   0  84]]

 **HOG_3cells**
[[264   2   0]
 [  1 233  71]
 [  0   0  84]]

 **LBP**
[[ 60 206   0]
 [  0 305   0]
 [  0  84   0]]

 **LBP_GLCM**
[[266   0   0]
 [  1 304   0]
 [  0  62  22]]

 **LBP_GLCM_HOG_2cells**
[[266   0   0]
 [  0 305   0]
 [  0  47  37]]

 **LBP_GLCM_HOG_3cells**
[[265   1   0]
 [  0 274  31]
 [  0   0  84]]

 **LBP_HOG_2cells**
[[263   3   0]
 [  0 295  10]
 [  0   7  77]]

 **LBP_HOG_3cells**
[[265   1   0]
 [  0 296   9]
 [  0  15  69]]
