
 **GLCM**
[[266   0   0]
 [  2 111 192]
 [  0   0  84]]

 **GLCM_HOG_2cells**
[[266   0   0]
 [  0 298   7]
 [  0  15  69]]

 **GLCM_HOG_3cells**
[[266   0   0]
 [  1 297   7]
 [  0  10  74]]

 **HOG_2cells**
[[264   2   0]
 [  2 291  12]
 [  0   6  78]]

 **HOG_3cells**
[[263   3   0]
 [  0 294  11]
 [  0  13  71]]

 **LBP**
[[199  67   0]
 [  0 305   0]
 [  0  84   0]]

 **LBP_GLCM**
[[266   0   0]
 [  0 235  70]
 [  0  16  68]]

 **LBP_GLCM_HOG_2cells**
[[266   0   0]
 [  0 256  49]
 [  0   1  83]]

 **LBP_GLCM_HOG_3cells**
[[266   0   0]
 [  0 294  11]
 [  0   6  78]]

 **LBP_HOG_2cells**
[[262   4   0]
 [  0 297   8]
 [  0  19  65]]

 **LBP_HOG_3cells**
[[264   2   0]
 [  0 289  16]
 [  0   1  83]]
