
 **GLCM**
[[266   0   0]
 [  8 104 193]
 [  0   0  84]]

 **GLCM_HOG_2cells**
[[266   0   0]
 [  0 235  70]
 [  0   0  84]]

 **GLCM_HOG_3cells**
[[266   0   0]
 [  1 301   3]
 [  0  39  45]]

 **HOG_2cells**
[[257   9   0]
 [  0 305   0]
 [  0  84   0]]

 **HOG_3cells**
[[263   3   0]
 [  3 226  76]
 [  0   0  84]]

 **LBP**
[[225   0  41]
 [  0   0 305]
 [  0   0  84]]

 **LBP_GLCM**
[[266   0   0]
 [  1  43 261]
 [  0   0  84]]

 **LBP_GLCM_HOG_2cells**
[[266   0   0]
 [  0 294  11]
 [  0   1  83]]

 **LBP_GLCM_HOG_3cells**
[[266   0   0]
 [  0 287  18]
 [  0   0  84]]

 **LBP_HOG_2cells**
[[262   4   0]
 [  0 302   3]
 [  0  32  52]]

 **LBP_HOG_3cells**
[[265   1   0]
 [  0 303   2]
 [  0  56  28]]
