
 **GLCM**
[[251   1   0]
 [ 11  50 249]
 [  0   0  93]]

 **GLCM_HOG_2cells**
[[251   1   0]
 [  0 281  29]
 [  0   0  93]]

 **GLCM_HOG_3cells**
[[251   1   0]
 [  0 281  29]
 [  0   1  92]]

 **HOG_2cells**
[[249   3   0]
 [  0 310   0]
 [  0  93   0]]

 **HOG_3cells**
[[250   2   0]
 [  0 282  28]
 [  0   0  93]]

 **LBP**
[[163  89   0]
 [  0 310   0]
 [  0  93   0]]

 **LBP_GLCM**
[[216  36   0]
 [  0 309   1]
 [  0  80  13]]

 **LBP_GLCM_HOG_2cells**
[[252   0   0]
 [  0 308   2]
 [  0  18  75]]

 **LBP_GLCM_HOG_3cells**
[[250   2   0]
 [  0 307   3]
 [  0  26  67]]

 **LBP_HOG_2cells**
[[249   3   0]
 [  0 309   1]
 [  0  49  44]]

 **LBP_HOG_3cells**
[[251   1   0]
 [  1 303   6]
 [  0  24  69]]
