
 **GLCM**
[[252   0   0]
 [  3 307   0]
 [  0  87   6]]

 **GLCM_HOG_2cells**
[[251   1   0]
 [  0 296  14]
 [  0   1  92]]

 **GLCM_HOG_3cells**
[[252   0   0]
 [  0 286  24]
 [  0   1  92]]

 **HOG_2cells**
[[252   0   0]
 [  4 304   2]
 [  0  23  70]]

 **HOG_3cells**
[[251   1   0]
 [  2 295  13]
 [  0   6  87]]

 **LBP**
[[239  13   0]
 [  0  57 253]
 [  0   0  93]]

 **LBP_GLCM**
[[252   0   0]
 [  1 179 130]
 [  0   0  93]]

 **LBP_GLCM_HOG_2cells**
[[252   0   0]
 [  0 310   0]
 [  0  45  48]]

 **LBP_GLCM_HOG_3cells**
[[252   0   0]
 [  0 244  66]
 [  0   0  93]]

 **LBP_HOG_2cells**
[[251   1   0]
 [  3 305   2]
 [  0  42  51]]

 **LBP_HOG_3cells**
[[251   1   0]
 [  3 303   4]
 [  0  21  72]]
