
 **GLCM**
[[252   0   0]
 [  1 306   3]
 [  0  51  42]]

 **GLCM_HOG_2cells**
[[249   3   0]
 [  0 291  19]
 [  0   1  92]]

 **GLCM_HOG_3cells**
[[252   0   0]
 [  0 283  27]
 [  0   0  93]]

 **HOG_2cells**
[[251   1   0]
 [  4 306   0]
 [  0  86   7]]

 **HOG_3cells**
[[246   6   0]
 [  0 295  15]
 [  0   4  89]]

 **LBP**
[[244   8   0]
 [  0 297  13]
 [  0   3  90]]

 **LBP_GLCM**
[[249   3   0]
 [  0 305   5]
 [  0  38  55]]

 **LBP_GLCM_HOG_2cells**
[[252   0   0]
 [  0 304   6]
 [  0  11  82]]

 **LBP_GLCM_HOG_3cells**
[[252   0   0]
 [  0 274  36]
 [  0   0  93]]

 **LBP_HOG_2cells**
[[248   4   0]
 [  1 298  11]
 [  0   2  91]]

 **LBP_HOG_3cells**
[[246   6   0]
 [  0 288  22]
 [  0   1  92]]
