
 **GLCM**
[[144   0   0]
 [  0 164  13]
 [  0  18  35]]

 **GLCM_HOG_2cells**
[[144   0   0]
 [  0 173   4]
 [  0   8  45]]

 **GLCM_HOG_3cells**
[[144   0   0]
 [  0 172   5]
 [  0  18  35]]

 **HOG_2cells**
[[143   1   0]
 [  1 169   7]
 [  0   5  48]]

 **HOG_3cells**
[[143   1   0]
 [  2 168   7]
 [  0   4  49]]

 **LBP**
[[125  19   0]
 [  2 128  47]
 [  0  15  38]]

 **LBP_GLCM**
[[144   0   0]
 [  0 167  10]
 [  0  20  33]]

 **LBP_GLCM_HOG_2cells**
[[144   0   0]
 [  0 173   4]
 [  0   5  48]]

 **LBP_GLCM_HOG_3cells**
[[144   0   0]
 [  0 171   6]
 [  0   8  45]]

 **LBP_HOG_2cells**
[[143   1   0]
 [  3 167   7]
 [  0   3  50]]

 **LBP_HOG_3cells**
[[144   0   0]
 [  2 169   6]
 [  0   4  49]]
