
 **GLCM**
[[ 93  51   0]
 [  0 177   0]
 [  0  44   9]]

 **GLCM_HOG_2cells**
[[142   2   0]
 [  0 174   3]
 [  0   9  44]]

 **GLCM_HOG_3cells**
[[142   2   0]
 [  0 174   3]
 [  0   9  44]]

 **HOG_2cells**
[[144   0   0]
 [  0 176   1]
 [  0   0  53]]

 **HOG_3cells**
[[144   0   0]
 [  0 176   1]
 [  0   0  53]]

 **LBP**
[[143   1   0]
 [  0 177   0]
 [  0   1  52]]

 **LBP_GLCM**
[[118  26   0]
 [  0 177   0]
 [  0  42  11]]

 **LBP_GLCM_HOG_2cells**
[[142   2   0]
 [  0 174   3]
 [  0   9  44]]

 **LBP_GLCM_HOG_3cells**
[[142   2   0]
 [  0 174   3]
 [  0   9  44]]

 **LBP_HOG_2cells**
[[144   0   0]
 [  0 176   1]
 [  0   0  53]]

 **LBP_HOG_3cells**
[[144   0   0]
 [  0 176   1]
 [  0   0  53]]
