
 **GLCM**
[[251   1   0]
 [  3 306   1]
 [  0  78  15]]

 **GLCM_HOG_2cells**
[[252   0   0]
 [  2 305   3]
 [  0  16  77]]

 **GLCM_HOG_3cells**
[[251   1   0]
 [  0 265  45]
 [  0   0  93]]

 **HOG_2cells**
[[250   2   0]
 [  2 299   9]
 [  0   3  90]]

 **HOG_3cells**
[[251   1   0]
 [  3 304   3]
 [  0  26  67]]

 **LBP**
[[241  11   0]
 [  0 286  24]
 [  0   0  93]]

 **LBP_GLCM**
[[252   0   0]
 [  0 297  13]
 [  0  20  73]]

 **LBP_GLCM_HOG_2cells**
[[250   2   0]
 [  0 308   2]
 [  0  24  69]]

 **LBP_GLCM_HOG_3cells**
[[252   0   0]
 [  0 310   0]
 [  0  39  54]]

 **LBP_HOG_2cells**
[[247   5   0]
 [  0 279  31]
 [  0   0  93]]

 **LBP_HOG_3cells**
[[252   0   0]
 [  5 298   7]
 [  0  20  73]]
